dcdn cmn cnc n

hcbsdjbc hjc
ncwhfbhjfd
jdcndjsn1234
45671234
45671234
45671234
45671234
45671234
45671234
45671234
45671234
45671234
45671234
45671234
45671234
45671234
45671234
45671234
45671234
45671234
45671234
45671234
45671234
45671234
45671234
45671234
45671234
45671234
45671234
45671234
45671234
45671234
45671234
45671234
45671234
45671234
45671234
45671234
45671234
45671234
45671234
45671234
45671234
45671234
45671234
45671234
45671234
45671234
45671234
45671234
45671234
45671234
45671234
45671234
45671234
45671234
45671234
45671234
45671234
45671234
45671234
45671234
45671234
45671234
45671234
45671234
45671234
45671234
45671234
45671234
45671234
45671234
45671234
45671234
45671234
45671234
45671234
45671234
45671234
45671234
45671234
45671234
45671234
45671234
45671234
45671234
45671234
45671234
45671234
45671234
45671234
45671234
45671234
45671234
45671234
45671234
45671234
45671234
45671234
45671234
45671234
45671234
45671234
45671234
45671234
45671234
45671234
45671234
45671234
45671234
45671234
45671234
45671234
45671234
45671234
45671234
45671234
45671234
45671234
45671234
45671234
45671234
45671234
45671234
45671234
4567
